135
300
132
104
103
168
157
150
159
166
192
195
161
102
105
133
134
160
194
158
193
167
151
169
156
24
216
229
211
23
227
15
218
12
220
79
280
274
46
41
273
287
48
77
245
83
289
84
242
70
221
13
14
226
219
22
210
217
25
228
288
71
243
85
49
82
244
76
286
272
40
78
47
275
281
257
65
91
268
96
62
250
292
54
266
259
261
53
295
98
38
7
235
232
9
204
36
31
203
294
52
260
99
267
55
293
258
251
63
97
90
64
256
269
202
30
8
37
205
1
233
39
234
6
174
180
187
173
145
142
189
129
116
111
118
127
120
143
188
144
172
186
181
175
121
119
126
110
128
117
198
153
154
196
162
165
191
131
136
109
100
107
138
190
164
163
197
155
199
152
106
139
101
137
108
130
89
270
42
284
248
283
45
277
87
73
241
279
246
74
80
20
212
215
27
18
223
11
16
224
29
278
81
75
247
240
72
86
249
276
44
282
88
285
43
271
225
17
28
10
222
26
214
19
213
21
3
231
209
236
4
200
32
238
35
207
95
253
61
298
66
254
92
59
50
262
296
291
265
57
68
239
206
34
33
201
208
5
237
230
2
56
264
290
69
297
263
51
93
255
67
58
60
252
94
299
112
115
123
124
184
170
177
183
148
141
146
179
125
122
114
113
147
178
140
182
176
149
171
185
